portNum:3
berthNum:
3,3,3,
vesselNum:6
handlingTimes:
8.2319388257,3.31111478193,9.59594973454,8.22386871142,8.04441362505,6.96401785205,
5.45578360845,10.4312515962,6.59585608409,6.20192730123,10.4536059932,9.34970513132,
4.61495934414,9.16293745519,5.21327838776,12.4240217738,13.2477035117,8.93084204858,

13.1587378243,3.95574572411,9.06295308146,3.78343805264,8.13746793117,4.15837098793,
4.52591966042,10.1609437077,5.71214400725,4.28334821172,5.64367448485,7.19791542004,
8.61344981499,5.42091871518,10.6848807026,8.79683802662,9.06284064022,7.64271181342,

12.5236494533,9.96005014653,4.94758318203,11.4090281593,14.5746129611,9.00010033404,
13.6742407674,7.09936383205,9.80572953153,8.13055155955,8.24096715632,12.31871022,
9.42725008197,14.4449067233,9.53049792178,3.9851390673,7.3961088201,13.2102060481,

distances1:
76.2510017219,61.0880946358,69.8870895599,
61.0880946358,99.7540804569,98.8232125351,
69.8870895599,98.8232125351,90.5983944181,
distances2:
66.7690178634,71.7209292728,80.962675012,74.2649712449,61.8271586098,99.3261378143,
portOrder:
0,1,2,
0,1,2,
0,1,2,
0,1,2,
0,1,2,
0,1,2,
timeWindows:
4.06808429534,16.7027660266,28.739603369,
13.1160895679,22.8197030596,41.7238061646,

4.76802228345,15.5486594115,33.8191514148,
12.3185490868,28.1175186799,43.8113700771,

4.30007824502,18.9066478276,33.8434755712,
15.2465024762,27.8715334124,41.0539383868,

4.67782477032,22.697413746,34.7353803552,
19.3527530488,29.4565160871,46.5961774586,

4.01819862382,13.2875369523,30.4436158169,
9.59382758062,24.0136401621,35.4893414187,

6.87376498782,22.5788417086,42.5979771376,
19.2098629055,36.0058412258,55.1810049868,

